-7.6649,-0.35206,1.3575
-7.79287,-0.389828,1.3575
-7.79117,-0.45305,1.3575
-7.86856,-0.496391,1.3575
-7.95738,-0.417363,1.3575
-7.93174,-0.145727,1.3575
-8.37947,0.351523,1.3575
-8.20472,1.01809,1.3575
-8.0681,1.60429,1.3575
-7.99071,2.04768,1.3575
-8.21602,2.58604,1.3575
-8.17115,3.2574,1.3575
-8.24615,3.88492,1.3575
-8.1214,4.44008,1.3575
-8.16372,5.02038,1.3575
-8.36627,5.66127,1.3575
-8.60839,6.66591,1.3575
-8.52213,7.69843,1.3575
-8.51831,8.41675,1.3575
-8.65175,9.03006,1.3575
-8.87197,10.802,1.3575
-9.46107,14.9305,1.3575
-8.68833,15.591,1.3575
-8.45501,15.9519,1.3575
-8.08715,16.2016,1.3575
-7.75246,16.1361,1.3575
-7.3305,16.3392,1.3575
-7.02746,16.5149,1.3575
-6.70841,16.5567,1.3575
-6.20534,16.4855,1.3575
-5.50562,16.5507,1.3575
-4.60898,16.5573,1.3575
-3.80802,16.5588,1.3575
-2.51607,16.6961,1.3575
-1.47604,16.6472,1.3575
-0.135287,16.5413,1.3575
0.996091,16.5887,1.3575
1.60003,16.5455,1.3575
2.00082,16.6302,1.3575
2.54498,16.4931,1.3575
2.88357,16.4524,1.3575
3.22465,16.4711,1.3575
3.50963,16.5737,1.3575
3.98597,16.4675,1.3575
4.27,16.3951,1.3575
4.71507,16.4339,1.3575
4.89967,16.5097,1.3575
5.0136,16.4359,1.3575
5.24461,16.3622,1.3575
5.44209,16.4069,1.3575
5.38059,16.3697,1.3575
5.1769,16.1864,1.3575
5.19139,16.0012,1.3575
5.32305,15.7599,1.3575
5.32497,15.4555,1.3575
5.25311,15.1058,1.3575
5.41018,14.6877,1.3575
5.54292,14.4611,1.3575
5.50817,14.1615,1.3575
5.54505,13.7438,1.3575
5.56033,13.2803,1.3575
5.52215,12.9085,1.3575
5.49244,12.6302,1.3575
5.52177,12.2392,1.3575
5.52745,11.7922,1.3575
5.5356,11.4939,1.3575
5.44507,11.0455,1.3575
5.49762,10.628,1.3575
5.53858,10.1709,1.3575
5.5366,9.80187,1.3575
5.4543,9.4054,1.3575
5.56799,8.90598,1.3575
5.52619,8.4373,1.3575
5.62221,8.13998,1.3575
5.53098,7.68652,1.3575
5.53809,7.21721,1.3575
5.41066,6.70208,1.3575
5.51318,6.31737,1.3575
5.46529,5.95146,1.3575
5.50989,5.49828,1.3575
5.38844,5.04684,1.3575
5.6099,4.66718,1.3575
5.52962,4.203,1.3575
5.54022,3.73001,1.3575
5.61425,3.26061,1.3575
5.87405,2.88352,1.3575
5.75223,2.48524,1.3575
5.74293,1.97871,1.3575
5.67984,1.46015,1.3575
6.03666,0.915498,1.3575
5.66698,0.473245,1.3575
5.81819,0.104563,1.3575
5.75248,-0.335555,1.3575
5.85482,-0.803001,1.3575
6.17693,-1.2893,1.3575
5.88742,-1.69081,1.3575
6.07857,-2.12415,1.3575
6.10696,-2.55005,1.3575
6.24875,-2.93097,1.3575
6.04231,-3.36766,1.3575
5.97596,-3.87538,1.3575
6.10004,-4.28583,1.3575
6.13944,-4.6619,1.3575
5.97023,-5.19239,1.3575
6.17497,-5.80827,1.3575
5.88265,-6.29358,1.3575
6.34424,-6.88403,1.3575
5.88262,-7.34447,1.3575
6.41967,-8.64837,1.3575
6.69784,-10.101,1.3575
6.81629,-13.6452,1.3575
6.58117,-17.3099,1.3575
6.5328,-17.1898,1.3575
6.19244,-17.281,1.3575
5.83602,-17.4922,1.3575
5.23431,-17.6577,1.3575
4.70496,-17.6752,1.3575
4.34989,-17.6794,1.3575
3.9956,-17.6228,1.3575
3.55163,-17.6545,1.3575
3.16592,-17.7858,1.3575
2.70731,-17.9474,1.3575
2.20237,-17.7463,1.3575
1.85849,-17.7033,1.3575
1.30865,-17.6899,1.3575
0.843532,-17.6697,1.3575
0.525997,-17.7368,1.3575
0.166595,-17.7722,1.3575
-0.290522,-17.7234,1.3575
-0.739529,-17.6898,1.3575
-1.13447,-17.7051,1.3575
-1.48411,-17.7589,1.3575
-1.89068,-17.7584,1.3575
-2.4092,-17.7173,1.3575
-2.78014,-17.7947,1.3575
-3.07589,-17.7764,1.3575
-3.51815,-17.7033,1.3575
-4.02806,-17.5854,1.3575
-4.32801,-17.4772,1.3575
-4.81114,-17.4758,1.3575
-5.16337,-17.4237,1.3575
-5.58758,-17.2701,1.3575
-5.9905,-17.1996,1.3575
-6.25179,-17.1049,1.3575
-6.42497,-17.0488,1.3575
-6.86351,-16.8857,1.3575
-7.14441,-16.9785,1.3575
-7.59285,-16.8815,1.3575
-7.8239,-16.7894,1.3575
-8.00587,-16.8494,1.3575
-8.07862,-16.8094,1.3575
-8.07808,-16.7224,1.3575
-8.08261,-16.6301,1.3575
-7.9751,-16.4208,1.3575
-7.93161,-15.9462,1.3575
-7.92169,-15.4603,1.3575
-7.92554,-15.1255,1.3575
-7.98409,-14.9281,1.3575
-7.92641,-14.4331,1.3575
-7.92635,-13.9787,1.3575
-8.0098,-13.6785,1.3575
-8.00974,-13.2526,1.3575
-7.9445,-12.8374,1.3575
-7.80021,-12.5035,1.3575
-7.79584,-11.9934,1.3575
-7.92632,-11.631,1.3575
-7.89078,-11.285,1.3575
-7.84959,-10.7419,1.3575
-7.96336,-10.3615,1.3575
-8.07566,-10.0545,1.3575
-8.11642,-9.76334,1.3575
-8.0921,-9.14584,1.3575
-8.31404,-8.83181,1.3575
-8.2627,-8.56578,1.3575
-8.20518,-8.09982,1.3575
-8.11439,-7.58922,1.3575
-8.26861,-7.22296,1.3575
-8.28011,-6.87224,1.3575
-8.3619,-6.18987,1.3575
-8.16042,-5.35979,1.3575
-8.3483,-5.1132,1.3575
-8.2851,-4.72783,1.3575
-8.27523,-4.28363,1.3575
-8.21443,-3.91615,1.3575
-8.24586,-3.50052,1.3575
-8.23484,-3.03818,1.3575
-8.17268,-2.48994,1.3575
-7.97593,-1.92148,1.3575
-8.32592,-1.6618,1.3575
-8.41803,-1.31125,1.3575
-8.26114,-0.714654,1.3575
-8.02578,-0.491965,1.3575
-8.18423,-0.427199,1.3575
-8.4324,-0.565876,1.3575
-8.35448,-0.597494,1.3575
-8.27476,-0.539498,1.3575
-8.4318,-0.478448,1.3575
-8.53029,-0.381178,1.3575
-8.57835,-0.337564,1.3575
-8.57348,-0.349673,1.3575
-8.61503,-0.406314,1.3575
-8.66141,-0.406942,1.3575
-8.70377,-0.393164,1.3575
-8.71803,-0.424257,1.3575
-8.70572,-0.462073,1.3575
-8.66616,-0.400241,1.3575
-8.64321,-0.340849,1.3575
-8.64334,-0.383653,1.3575
-8.62973,-0.399224,1.3575
-8.63461,-0.377715,1.3575
-8.64819,-0.36901,1.3575
-8.67057,-0.378617,1.3575
-8.65454,-0.381705,1.3575
-8.6116,-0.325788,1.3575
-8.65758,-0.324929,1.3575
-8.6529,-0.371912,1.3575
-8.62508,-0.381276,1.3575
-8.61233,-0.354134,1.3575
-8.68334,-0.393613,1.3575
-8.71566,-0.43793,1.3575
-8.72564,-0.42718,1.3575
-8.7415,-0.405505,1.3575
-8.75152,-0.398257,1.3575
-8.74396,-0.429153,1.3575
-8.70674,-0.456629,1.3575
-8.64435,-0.424367,1.3575
-8.57461,-0.439406,1.3575
-8.69603,-0.579946,1.3575
-8.61407,-0.748979,1.3575
-8.47654,-0.639172,1.3575
-8.5228,-0.673315,1.3575
-8.43515,-0.764779,1.3575
-8.28025,-0.705942,1.3575
-7.91372,-0.547931,1.3575
