5.68548,4.67224,1.3575
5.67448,4.70192,1.3575
5.67806,4.75263,1.3575
5.67047,4.72145,1.3575
5.67921,4.66805,1.3575
5.68236,4.70044,1.3575
5.68762,4.75613,1.3575
5.65231,4.71621,1.3575
5.66803,4.67503,1.3575
5.70484,4.69843,1.3575
5.72615,4.73687,1.3575
5.65449,4.71409,1.3575
5.66137,4.67921,1.3575
5.68861,4.70187,1.3575
5.70704,4.75411,1.3575
5.66969,4.72221,1.3575
5.6709,4.67316,1.3575
5.69681,4.70264,1.3575
5.7231,4.75404,1.3575
5.67883,4.71625,1.3575
5.66786,4.66956,1.3575
5.70191,4.69312,1.3575
5.73832,4.75168,1.3575
5.69407,4.71894,1.3575
5.67902,4.66669,1.3575
5.7025,4.69258,1.3575
5.73568,4.75014,1.3575
5.69002,4.71224,1.3575
5.66745,4.66246,1.3575
5.66677,4.70306,1.3575
5.69076,4.7591,1.3575
5.64827,4.7189,1.3575
5.65595,4.66527,1.3575
5.68766,4.68983,1.3575
5.69556,4.74844,1.3575
5.63243,4.718,1.3575
5.63205,4.66896,1.3575
5.66368,4.70049,1.3575
5.70131,4.75889,1.3575
5.66927,4.72078,1.3575
5.66419,4.67714,1.3575
5.68232,4.70083,1.3575
5.70768,4.75911,1.3575
5.68581,4.73148,1.3575
5.69409,4.67882,1.3575
5.70985,4.70157,1.3575
5.73127,4.75488,1.3575
5.69874,4.72432,1.3575
5.68533,4.67477,1.3575
5.67762,4.70193,1.3575
5.71029,4.76324,1.3575
5.67554,4.7342,1.3575
5.65737,4.678,1.3575
5.69648,4.70156,1.3575
5.71493,4.75332,1.3575
5.65355,4.71709,1.3575
5.65577,4.66669,1.3575
5.65697,4.69665,1.3575
5.68075,4.75473,1.3575
5.66279,4.71806,1.3575
5.67222,4.67092,1.3575
5.69482,4.70734,1.3575
5.71136,4.75448,1.3575
5.67174,4.72196,1.3575
5.65691,4.68178,1.3575
5.65983,4.70376,1.3575
5.68017,4.74976,1.3575
5.65617,4.71706,1.3575
5.64021,4.68026,1.3575
5.64431,4.71432,1.3575
5.68962,4.76402,1.3575
5.68913,4.72255,1.3575
5.6841,4.67049,1.3575
5.66766,4.69984,1.3575
5.67432,4.74427,1.3575
5.63611,4.71213,1.3575
5.61754,4.66937,1.3575
5.65579,4.68695,1.3575
5.68876,4.7454,1.3575
5.6563,4.71254,1.3575
5.65583,4.66081,1.3575
5.64409,4.68829,1.3575
5.66372,4.74375,1.3575
5.64906,4.7138,1.3575
5.64609,4.66176,1.3575
5.6742,4.69118,1.3575
5.71521,4.75031,1.3575
5.66133,4.71224,1.3575
5.63744,4.66665,1.3575
5.68118,4.7011,1.3575
5.72005,4.76075,1.3575
5.63648,4.72371,1.3575
5.64459,4.67187,1.3575
5.68156,4.69395,1.3575
5.70604,4.75473,1.3575
5.65249,4.72422,1.3575
5.64241,4.67291,1.3575
5.66361,4.69515,1.3575
5.68507,4.74656,1.3575
5.65596,4.71764,1.3575
5.66069,4.67731,1.3575
5.68576,4.70535,1.3575
5.70611,4.75109,1.3575
5.66667,4.71183,1.3575
5.65101,4.66973,1.3575
5.6554,4.71119,1.3575
5.68816,4.75159,1.3575
5.65628,4.72176,1.3575
5.63853,4.68603,1.3575
5.67062,4.70067,1.3575
5.68171,4.75369,1.3575
5.64737,4.72448,1.3575
5.66463,4.67457,1.3575
5.68147,4.69201,1.3575
5.67906,4.74224,1.3575
5.65112,4.71712,1.3575
5.65648,4.6661,1.3575
5.65771,4.6947,1.3575
5.69299,4.75861,1.3575
5.66405,4.72806,1.3575
5.67219,4.67564,1.3575
5.69664,4.70277,1.3575
5.72887,4.75795,1.3575
5.66226,4.7253,1.3575
5.63075,4.67068,1.3575
5.67409,4.69371,1.3575
5.71249,4.76022,1.3575
5.65933,4.73401,1.3575
5.66145,4.67575,1.3575
5.6864,4.69336,1.3575
5.70038,4.75184,1.3575
5.64359,4.71541,1.3575
5.64962,4.67739,1.3575
5.66328,4.70191,1.3575
5.67479,4.74491,1.3575
5.65623,4.71875,1.3575
5.64456,4.66689,1.3575
5.67832,4.68664,1.3575
5.71569,4.74598,1.3575
5.67112,4.71997,1.3575
5.66443,4.68167,1.3575
5.67592,4.7025,1.3575
5.71007,4.75033,1.3575
5.67836,4.71977,1.3575
5.66052,4.67592,1.3575
5.69168,4.70549,1.3575
5.71389,4.76341,1.3575
5.64744,4.72924,1.3575
5.65032,4.66804,1.3575
5.68755,4.70186,1.3575
5.70864,4.76378,1.3575
5.63832,4.72028,1.3575
5.64547,4.68163,1.3575
5.67699,4.70939,1.3575
5.7093,4.7633,1.3575
5.6895,4.72591,1.3575
5.66262,4.66918,1.3575
5.65424,4.7012,1.3575
5.68352,4.751,1.3575
5.6528,4.71494,1.3575
5.65944,4.67312,1.3575
5.68196,4.69924,1.3575
5.68872,4.74869,1.3575
5.63926,4.7152,1.3575
5.62374,4.66725,1.3575
5.65912,4.69961,1.3575
5.71979,4.75831,1.3575
5.68137,4.72246,1.3575
5.65951,4.6724,1.3575
5.67113,4.69838,1.3575
5.70371,4.75969,1.3575
5.66924,4.72233,1.3575
5.63456,4.66279,1.3575
5.67568,4.69323,1.3575
5.71535,4.75332,1.3575
5.64263,4.71476,1.3575
5.64981,4.6658,1.3575
5.67145,4.69423,1.3575
5.64836,4.71672,1.3575
5.56218,4.71868,1.3575
5.64494,4.69492,1.3575
5.67079,4.75489,1.3575
5.64734,4.72987,1.3575
5.66802,4.67664,1.3575
5.67371,4.69533,1.3575
5.6889,4.75068,1.3575
5.66755,4.71715,1.3575
5.6853,4.67405,1.3575
5.68971,4.7006,1.3575
5.69329,4.74355,1.3575
5.65241,4.70971,1.3575
5.64312,4.66711,1.3575
5.66779,4.69777,1.3575
5.70482,4.75167,1.3575
5.65153,4.71941,1.3575
5.64284,4.67158,1.3575
5.67765,4.69607,1.3575
5.68927,4.74867,1.3575
5.65909,4.72465,1.3575
5.66833,4.68022,1.3575
5.66922,4.70029,1.3575
5.63871,4.71741,1.3575
5.53927,4.72566,1.3575
5.6359,4.70523,1.3575
5.66277,4.75795,1.3575
5.63232,4.7172,1.3575
5.64037,4.65773,1.3575
5.64495,4.67953,1.3575
5.6605,4.74429,1.3575
5.62235,4.71828,1.3575
5.65463,4.66256,1.3575
5.67914,4.68689,1.3575
5.70078,4.74564,1.3575
5.67616,4.72135,1.3575
5.66944,4.68321,1.3575
5.70118,4.69992,1.3575
5.71925,4.75055,1.3575
5.67286,4.71788,1.3575
5.65318,4.66542,1.3575
5.65795,4.6939,1.3575
5.68943,4.75044,1.3575
5.6846,4.72489,1.3575
5.68178,4.66659,1.3575
5.67041,4.68641,1.3575
5.68213,4.74559,1.3575
5.63717,4.71106,1.3575
5.63952,4.65939,1.3575
5.66629,4.68886,1.3575
5.68308,4.74621,1.3575
5.64361,4.72067,1.3575
5.65297,4.67886,1.3575
5.67916,4.70341,1.3575
5.71892,4.7572,1.3575
5.67892,4.71909,1.3575
5.66204,4.65727,1.3575
5.67039,4.68591,1.3575
5.69923,4.75792,1.3575
5.65587,4.72475,1.3575
5.68739,4.67708,1.3575
5.7209,4.71195,1.3575
5.7268,4.76288,1.3575
5.69162,4.7284,1.3575
5.65157,4.67377,1.3575
5.68111,4.69385,1.3575
5.73311,4.75353,1.3575
5.68468,4.71711,1.3575
5.68259,4.67847,1.3575
5.68483,4.71441,1.3575
5.66813,4.72425,1.3575
5.63128,4.71888,1.3575
5.69222,4.70331,1.3575
5.70675,4.75486,1.3575
5.6634,4.72245,1.3575
5.65203,4.67405,1.3575
5.65918,4.69869,1.3575
5.68173,4.74903,1.3575
5.66447,4.72047,1.3575
5.65643,4.67356,1.3575
5.67195,4.69327,1.3575
5.67801,4.74954,1.3575
5.62011,4.72221,1.3575
5.64546,4.67337,1.3575
5.68832,4.6954,1.3575
5.70985,4.75484,1.3575
5.64721,4.71867,1.3575
5.66527,4.67408,1.3575
5.67956,4.69821,1.3575
5.69412,4.75172,1.3575
5.68438,4.71291,1.3575
5.68995,4.66279,1.3575
5.7005,4.70468,1.3575
5.72556,4.76369,1.3575
5.673,4.72723,1.3575
5.65622,4.6752,1.3575
5.67488,4.70357,1.3575
5.69626,4.7531,1.3575
5.6775,4.72282,1.3575
5.68136,4.67553,1.3575
5.68537,4.70222,1.3575
5.69558,4.75645,1.3575
5.67039,4.71544,1.3575
5.65897,4.66411,1.3575
5.66191,4.69465,1.3575
5.69601,4.75392,1.3575
5.64497,4.72668,1.3575
5.64036,4.66987,1.3575
5.66074,4.69657,1.3575
5.68269,4.74976,1.3575
5.65326,4.72855,1.3575
5.65758,4.69079,1.3575
5.67987,4.70311,1.3575
5.69987,4.75496,1.3575
5.6575,4.72154,1.3575
5.67261,4.67286,1.3575
5.68653,4.69546,1.3575
5.68227,4.73923,1.3575
5.62501,4.71434,1.3575
5.65768,4.67489,1.3575
5.69382,4.70165,1.3575
5.70014,4.75634,1.3575
5.65777,4.7138,1.3575
5.65713,4.65799,1.3575
5.67372,4.69371,1.3575
5.7209,4.75314,1.3575
5.7069,4.7234,1.3575
5.67145,4.68151,1.3575
5.70151,4.70655,1.3575
5.73325,4.75431,1.3575
5.67093,4.71764,1.3575
5.66688,4.67798,1.3575
5.67156,4.70604,1.3575
5.70317,4.75411,1.3575
5.6781,4.72896,1.3575
5.65817,4.67775,1.3575
5.68,4.69491,1.3575
5.69841,4.74659,1.3575
5.67614,4.72319,1.3575
5.67179,4.68136,1.3575
5.67178,4.70599,1.3575
5.70026,4.76312,1.3575
5.66167,4.72647,1.3575
5.66827,4.67263,1.3575
5.69524,4.69295,1.3575
5.71197,4.74054,1.3575
5.70328,4.70866,1.3575
5.68786,4.66163,1.3575
5.66814,4.69738,1.3575
5.69318,4.75598,1.3575
5.6869,4.71871,1.3575
5.68392,4.66794,1.3575
5.68117,4.69653,1.3575
5.6956,4.74855,1.3575
5.66896,4.71441,1.3575
5.67055,4.66744,1.3575
5.68121,4.69597,1.3575
5.71679,4.75599,1.3575
5.66794,4.72367,1.3575
5.66928,4.66678,1.3575
5.68454,4.69522,1.3575
5.65593,4.71981,1.3575
5.56335,4.71688,1.3575
5.66098,4.69514,1.3575
5.69746,4.75796,1.3575
5.66142,4.71604,1.3575
5.66968,4.66484,1.3575
5.67732,4.69342,1.3575
5.70231,4.74821,1.3575
5.66403,4.71996,1.3575
5.65274,4.66569,1.3575
5.65401,4.68795,1.3575
5.67112,4.7519,1.3575
5.64916,4.72547,1.3575
5.66405,4.67109,1.3575
5.68254,4.68938,1.3575
5.70078,4.74782,1.3575
5.65072,4.7244,1.3575
5.65889,4.67743,1.3575
5.68712,4.6991,1.3575
5.71903,4.75375,1.3575
5.68374,4.72079,1.3575
5.66404,4.66873,1.3575
5.69206,4.70014,1.3575
5.71606,4.76371,1.3575
5.67287,4.72907,1.3575
5.65142,4.66676,1.3575
5.66366,4.68902,1.3575
5.69898,4.74548,1.3575
5.68061,4.70736,1.3575
5.69504,4.66055,1.3575
5.69838,4.69812,1.3575
5.70804,4.75676,1.3575
5.67526,4.71134,1.3575
5.66283,4.66984,1.3575
5.68489,4.70641,1.3575
5.72121,4.75311,1.3575
5.68092,4.71828,1.3575
5.69819,4.66935,1.3575
5.70117,4.69597,1.3575
5.70587,4.75201,1.3575
5.65959,4.72595,1.3575
5.66576,4.67524,1.3575
5.69572,4.69355,1.3575
5.69937,4.75666,1.3575
5.65164,4.72359,1.3575
5.68168,4.66371,1.3575
5.70884,4.68819,1.3575
5.72417,4.75117,1.3575
5.65714,4.71768,1.3575
5.66832,4.65781,1.3575
5.6966,4.68348,1.3575
5.70395,4.74405,1.3575
5.66497,4.71449,1.3575
5.66486,4.66662,1.3575
5.68494,4.69078,1.3575
5.71121,4.75084,1.3575
5.6476,4.70985,1.3575
5.64954,4.65339,1.3575
5.66576,4.6875,1.3575
5.69734,4.744,1.3575
5.66624,4.71645,1.3575
5.65082,4.66915,1.3575
5.67196,4.68809,1.3575
5.69657,4.74602,1.3575
5.66655,4.71736,1.3575
5.6528,4.66598,1.3575
5.65414,4.69589,1.3575
5.67707,4.75389,1.3575
5.64678,4.72481,1.3575
5.67493,4.67057,1.3575
5.69054,4.69515,1.3575
5.70473,4.74863,1.3575
5.69494,4.71055,1.3575
5.68048,4.67047,1.3575
5.67097,4.70417,1.3575
5.69785,4.75259,1.3575
5.66585,4.72164,1.3575
5.6546,4.67408,1.3575
5.69221,4.69164,1.3575
5.71844,4.74414,1.3575
5.66052,4.71809,1.3575
5.6533,4.66163,1.3575
5.67253,4.68518,1.3575
5.69481,4.74014,1.3575
5.65424,4.70408,1.3575
5.65927,4.66575,1.3575
5.69823,4.68755,1.3575
5.72874,4.746,1.3575
5.68485,4.72184,1.3575
5.66095,4.66305,1.3575
5.67379,4.67991,1.3575
5.70916,4.74326,1.3575
5.6721,4.71953,1.3575
5.64359,4.66703,1.3575
5.65669,4.69599,1.3575
5.67268,4.75169,1.3575
5.62534,4.70868,1.3575
5.63713,4.66173,1.3575
5.64735,4.6883,1.3575
5.66769,4.74309,1.3575
5.63105,4.71935,1.3575
5.63108,4.67876,1.3575
5.64489,4.69732,1.3575
5.67112,4.74378,1.3575
5.66017,4.7176,1.3575
5.65549,4.67307,1.3575
5.69299,4.69916,1.3575
5.72433,4.75867,1.3575
5.65329,4.72075,1.3575
5.64121,4.66116,1.3575
5.6487,4.69008,1.3575
5.69605,4.7513,1.3575
5.68443,4.73182,1.3575
5.63973,4.68021,1.3575
5.66635,4.6897,1.3575
5.69867,4.74527,1.3575
5.65502,4.71458,1.3575
5.63026,4.66894,1.3575
5.66093,4.68897,1.3575
5.71014,4.74098,1.3575
5.67971,4.71467,1.3575
5.67654,4.66907,1.3575
5.6965,4.70127,1.3575
5.71822,4.74686,1.3575
5.6711,4.70414,1.3575
5.65429,4.66867,1.3575
5.67269,4.70006,1.3575
5.69612,4.74784,1.3575
5.66466,4.72058,1.3575
5.68184,4.67682,1.3575
5.69703,4.69437,1.3575
5.71622,4.74581,1.3575
5.68487,4.72067,1.3575
5.65547,4.66905,1.3575
5.66645,4.68715,1.3575
5.70915,4.75012,1.3575
5.66824,4.72174,1.3575
5.64421,4.67507,1.3575
5.6612,4.69728,1.3575
5.69569,4.74435,1.3575
5.68573,4.72518,1.3575
5.68057,4.68313,1.3575
5.66409,4.70869,1.3575
5.66519,4.74662,1.3575
5.64728,4.71203,1.3575
5.66142,4.6691,1.3575
5.67522,4.69078,1.3575
5.69216,4.74244,1.3575
5.65396,4.71841,1.3575
5.63056,4.67101,1.3575
5.66993,4.68982,1.3575
5.71338,4.7489,1.3575
5.6716,4.72074,1.3575
5.6668,4.67461,1.3575
5.68921,4.69852,1.3575
5.71592,4.75892,1.3575
5.67484,4.72459,1.3575
5.66803,4.67202,1.3575
5.68852,4.696,1.3575
5.71884,4.75111,1.3575
5.66461,4.72423,1.3575
5.66537,4.67908,1.3575
5.68606,4.70339,1.3575
5.69682,4.75523,1.3575
5.67287,4.7186,1.3575
5.70435,4.66517,1.3575
5.70497,4.69696,1.3575
5.70178,4.75843,1.3575
5.67819,4.72725,1.3575
5.69196,4.67882,1.3575
5.68436,4.71179,1.3575
5.70747,4.76195,1.3575
5.68704,4.72508,1.3575
5.66206,4.68328,1.3575
5.6696,4.71315,1.3575
5.6874,4.75444,1.3575
5.65847,4.72038,1.3575
5.6691,4.66674,1.3575
5.68461,4.68469,1.3575
5.699,4.741,1.3575
5.68193,4.71227,1.3575
5.6922,4.67169,1.3575
5.68311,4.69669,1.3575
5.68617,4.74848,1.3575
5.66055,4.71637,1.3575
5.67195,4.65781,1.3575
5.68192,4.69054,1.3575
5.70965,4.75148,1.3575
5.68057,4.71286,1.3575
5.66649,4.66008,1.3575
5.6647,4.69062,1.3575
5.69406,4.75771,1.3575
5.66946,4.73248,1.3575
5.65761,4.66991,1.3575
5.67434,4.67905,1.3575
5.71572,4.74222,1.3575
5.67565,4.72229,1.3575
5.63223,4.67082,1.3575
5.67052,4.6901,1.3575
5.71881,4.74992,1.3575
5.68384,4.72156,1.3575
5.69313,4.66469,1.3575
5.69983,4.68923,1.3575
5.70749,4.75068,1.3575
5.66427,4.71676,1.3575
5.66415,4.67204,1.3575
5.67047,4.70091,1.3575
5.68371,4.7495,1.3575
5.65999,4.72114,1.3575
5.66653,4.67153,1.3575
5.68217,4.69552,1.3575
5.70971,4.76148,1.3575
5.66622,4.72083,1.3575
5.66588,4.66558,1.3575
5.67878,4.70781,1.3575
5.70846,4.76401,1.3575
5.67968,4.71824,1.3575
5.66107,4.66492,1.3575
5.66828,4.69143,1.3575
5.67988,4.7405,1.3575
5.65263,4.70534,1.3575
5.66929,4.66774,1.3575
5.67699,4.70206,1.3575
5.71249,4.75905,1.3575
5.68466,4.72796,1.3575
5.66416,4.66714,1.3575
5.68077,4.69439,1.3575
5.71624,4.75495,1.3575
5.6972,4.71997,1.3575
5.68063,4.67528,1.3575
5.67698,4.6989,1.3575
5.70633,4.75538,1.3575
5.68394,4.73117,1.3575
5.66408,4.67645,1.3575
5.66275,4.69617,1.3575
5.68929,4.75315,1.3575
5.68573,4.71742,1.3575
5.69749,4.66401,1.3575
5.68935,4.70413,1.3575
5.71598,4.75475,1.3575
5.69635,4.71333,1.3575
5.67913,4.67004,1.3575
5.68016,4.6948,1.3575
5.68464,4.74318,1.3575
5.65872,4.71512,1.3575
5.66848,4.66705,1.3575
5.68883,4.69864,1.3575
5.71523,4.75829,1.3575
5.66677,4.71135,1.3575
5.66931,4.66324,1.3575
5.68964,4.70008,1.3575
5.70876,4.75096,1.3575
5.66313,4.71544,1.3575
5.66852,4.66256,1.3575
5.66991,4.68873,1.3575
5.68072,4.74321,1.3575
5.67266,4.7193,1.3575
5.67456,4.66915,1.3575
5.67809,4.68911,1.3575
5.69933,4.74037,1.3575
5.66823,4.71106,1.3575
5.66589,4.68108,1.3575
5.66959,4.71016,1.3575
5.68603,4.74578,1.3575
5.68164,4.72235,1.3575
5.69159,4.67539,1.3575
5.69192,4.69263,1.3575
5.69674,4.75092,1.3575
5.65811,4.72358,1.3575
5.66848,4.67366,1.3575
5.68146,4.69613,1.3575
5.70552,4.7451,1.3575
5.69114,4.71717,1.3575
5.68453,4.67441,1.3575
5.68626,4.70121,1.3575
5.70989,4.75398,1.3575
5.67758,4.72144,1.3575
5.65966,4.67721,1.3575
5.66834,4.70322,1.3575
5.68537,4.75348,1.3575
5.66317,4.71509,1.3575
5.68467,4.65929,1.3575
5.6869,4.6925,1.3575
5.71358,4.75545,1.3575
5.65595,4.72338,1.3575
5.63646,4.67372,1.3575
5.67578,4.69382,1.3575
5.70067,4.74656,1.3575
5.6489,4.70818,1.3575
5.64647,4.66576,1.3575
5.67407,4.69549,1.3575
5.69834,4.74123,1.3575
5.67723,4.71187,1.3575
5.65764,4.66976,1.3575
5.64848,4.70595,1.3575
5.67339,4.75765,1.3575
5.6459,4.72313,1.3575
5.66459,4.675,1.3575
5.69484,4.69778,1.3575
5.71819,4.75882,1.3575
5.68599,4.72309,1.3575
5.68528,4.6656,1.3575
5.68041,4.69196,1.3575
5.68447,4.74367,1.3575
5.65529,4.70956,1.3575
5.67226,4.65403,1.3575
5.67333,4.68403,1.3575
5.68674,4.75243,1.3575
5.65603,4.72038,1.3575
5.66398,4.67398,1.3575
5.68573,4.69982,1.3575
5.69479,4.74669,1.3575
5.64599,4.71556,1.3575
5.63534,4.6688,1.3575
5.65533,4.69391,1.3575
5.69478,4.75402,1.3575
5.67536,4.7287,1.3575
5.68654,4.68255,1.3575
5.68205,4.70893,1.3575
5.69096,4.76331,1.3575
5.66397,4.73205,1.3575
5.68121,4.67428,1.3575
5.70362,4.70119,1.3575
5.72022,4.75609,1.3575
5.65452,4.72175,1.3575
5.66588,4.67242,1.3575
5.67751,4.69447,1.3575
5.68296,4.75124,1.3575
5.66264,4.7236,1.3575
5.67998,4.67717,1.3575
5.69179,4.69768,1.3575
5.6929,4.74576,1.3575
5.63513,4.70816,1.3575
5.64229,4.65518,1.3575
5.65712,4.69054,1.3575
5.68136,4.7492,1.3575
5.66172,4.71293,1.3575
5.63993,4.66251,1.3575
5.67212,4.69528,1.3575
5.70195,4.75821,1.3575
5.65734,4.71908,1.3575
5.66533,4.66545,1.3575
5.66959,4.69052,1.3575
5.69451,4.7448,1.3575
5.65574,4.71836,1.3575
5.66339,4.67402,1.3575
5.68524,4.69879,1.3575
5.68977,4.7471,1.3575
5.63725,4.70795,1.3575
5.62738,4.6621,1.3575
5.63539,4.70138,1.3575
5.66132,4.75589,1.3575
5.64488,4.71499,1.3575
5.65519,4.67367,1.3575
5.66051,4.70693,1.3575
5.69209,4.75162,1.3575
5.65872,4.7187,1.3575
5.63752,4.6765,1.3575
5.68499,4.70488,1.3575
5.70634,4.75047,1.3575
5.66014,4.71145,1.3575
5.65752,4.66947,1.3575
5.66615,4.6958,1.3575
5.70127,4.74111,1.3575
5.64029,4.71481,1.3575
5.63983,4.67163,1.3575
5.69122,4.69303,1.3575
5.71709,4.75821,1.3575
5.65864,4.72211,1.3575
5.66565,4.66854,1.3575
5.68823,4.69765,1.3575
5.68326,4.75146,1.3575
5.65435,4.72237,1.3575
5.66882,4.68295,1.3575
5.65476,4.70142,1.3575
5.66562,4.73871,1.3575
5.66798,4.7195,1.3575
5.65646,4.67487,1.3575
5.67293,4.69115,1.3575
5.71417,4.74619,1.3575
5.67749,4.71794,1.3575
5.6463,4.67704,1.3575
5.64894,4.71358,1.3575
5.71489,4.76614,1.3575
5.69017,4.7164,1.3575
5.65645,4.66349,1.3575
5.67661,4.69385,1.3575
5.68767,4.75131,1.3575
5.64979,4.72033,1.3575
5.67383,4.66837,1.3575
5.70001,4.69762,1.3575
5.69655,4.74705,1.3575
5.651,4.71201,1.3575
5.67417,4.67104,1.3575
5.69356,4.69657,1.3575
5.70622,4.73877,1.3575
5.65736,4.71387,1.3575
5.63484,4.67594,1.3575
5.66851,4.70111,1.3575
5.71501,4.74871,1.3575
5.66633,4.71525,1.3575
5.66132,4.66972,1.3575
5.6965,4.69777,1.3575
5.74029,4.75997,1.3575
5.71429,4.7228,1.3575
5.67734,4.66873,1.3575
5.64913,4.69398,1.3575
5.66712,4.73728,1.3575
5.6575,4.71598,1.3575
5.65164,4.67492,1.3575
5.65207,4.68705,1.3575
5.68674,4.74558,1.3575
5.68273,4.71791,1.3575
5.67407,4.6752,1.3575
5.68119,4.71286,1.3575
5.70435,4.76693,1.3575
5.67783,4.72339,1.3575
5.68053,4.66174,1.3575
5.67672,4.68671,1.3575
5.68103,4.74135,1.3575
5.66302,4.71567,1.3575
5.67251,4.68431,1.3575
5.70831,4.70568,1.3575
5.73703,4.76037,1.3575
5.67089,4.72249,1.3575
5.66591,4.6689,1.3575
5.65946,4.70796,1.3575
5.66563,4.75382,1.3575
5.64714,4.71264,1.3575
5.67173,4.65648,1.3575
5.67166,4.69263,1.3575
5.67511,4.7485,1.3575
5.67979,4.71639,1.3575
5.70489,4.67108,1.3575
5.69234,4.69993,1.3575
5.69992,4.74649,1.3575
5.64942,4.70944,1.3575
5.65715,4.66798,1.3575
5.70405,4.69536,1.3575
5.73445,4.75533,1.3575
5.61467,4.72749,1.3575
5.58218,4.70542,1.3575
5.68213,4.69443,1.3575
5.71066,4.7486,1.3575
5.66211,4.71052,1.3575
5.66796,4.66274,1.3575
5.6799,4.6976,1.3575
5.69894,4.75862,1.3575
5.65484,4.72521,1.3575
5.65578,4.67811,1.3575
5.60466,4.72336,1.3575
5.6161,4.71914,1.3575
5.64803,4.74754,1.3575
5.57645,4.72256,1.3575
5.65642,4.67278,1.3575
5.72964,4.77011,1.3575
5.70659,4.7284,1.3575
5.69413,4.67622,1.3575
5.69131,4.70269,1.3575
5.68727,4.74676,1.3575
5.63649,4.71729,1.3575
5.6568,4.67041,1.3575
5.69364,4.69504,1.3575
5.71379,4.74823,1.3575
5.67449,4.71225,1.3575
5.68287,4.66655,1.3575
5.70962,4.69172,1.3575
5.72423,4.74085,1.3575
5.65314,4.71189,1.3575
5.63903,4.666,1.3575
5.66577,4.69906,1.3575
5.68957,4.758,1.3575
5.66884,4.71396,1.3575
5.67576,4.65628,1.3575
5.66135,4.68721,1.3575
5.68793,4.744,1.3575
5.6557,4.72306,1.3575
5.64391,4.68355,1.3575
5.66003,4.7086,1.3575
5.67705,4.75668,1.3575
5.65156,4.71777,1.3575
5.66319,4.66627,1.3575
5.66942,4.69457,1.3575
5.676,4.74857,1.3575
5.63727,4.71939,1.3575
5.64752,4.66777,1.3575
5.67435,4.68888,1.3575
5.69739,4.74742,1.3575
5.64827,4.71645,1.3575
5.64867,4.67187,1.3575
5.68019,4.6892,1.3575
5.70455,4.73911,1.3575
5.68263,4.72099,1.3575
5.665,4.6762,1.3575
5.64753,4.69985,1.3575
5.66799,4.7479,1.3575
5.58386,4.71755,1.3575
5.66227,4.66817,1.3575
5.69872,4.74253,1.3575
5.61874,4.71079,1.3575
5.61928,4.66911,1.3575
5.6577,4.69945,1.3575
5.69819,4.76517,1.3575
5.71783,4.72809,1.3575
5.76556,4.69162,1.3575
5.76414,4.72618,1.3575
5.74021,4.76459,1.3575
5.70262,4.74026,1.3575
5.74731,4.70731,1.3575
5.76254,4.74024,1.3575
5.76532,4.78366,1.3575
5.70215,4.7429,1.3575
5.71474,4.69837,1.3575
5.73428,4.71916,1.3575
5.72614,4.75712,1.3575
5.68497,4.72248,1.3575
5.68804,4.66821,1.3575
5.68466,4.68713,1.3575
5.69793,4.73562,1.3575
5.6937,4.71134,1.3575
5.6839,4.66603,1.3575
5.68688,4.70084,1.3575
5.72205,4.75897,1.3575
5.69346,4.71496,1.3575
5.67251,4.65814,1.3575
5.68573,4.68944,1.3575
5.71755,4.74916,1.3575
5.66241,4.71218,1.3575
5.64983,4.66826,1.3575
5.70632,4.68907,1.3575
5.73457,4.73848,1.3575
5.67206,4.71295,1.3575
5.66998,4.66747,1.3575
5.68505,4.68945,1.3575
5.69938,4.74252,1.3575
5.65562,4.71558,1.3575
5.66615,4.66863,1.3575
5.68176,4.69466,1.3575
5.69797,4.75106,1.3575
5.67581,4.71047,1.3575
5.66733,4.65722,1.3575
5.66922,4.69059,1.3575
5.6896,4.7471,1.3575
5.64196,4.70859,1.3575
5.64565,4.66548,1.3575
5.66503,4.69902,1.3575
5.69722,4.74722,1.3575
5.64575,4.71172,1.3575
5.64332,4.66331,1.3575
5.68415,4.6953,1.3575
5.69502,4.75229,1.3575
5.64475,4.71321,1.3575
5.67126,4.66295,1.3575
5.6811,4.6973,1.3575
5.68607,4.75181,1.3575
5.65535,4.71952,1.3575
5.66419,4.67091,1.3575
5.66515,4.69722,1.3575
5.68927,4.75303,1.3575
5.67035,4.71155,1.3575
5.64687,4.65784,1.3575
5.65466,4.69169,1.3575
5.6937,4.74694,1.3575
5.65655,4.70027,1.3575
5.62667,4.65033,1.3575
5.63297,4.68995,1.3575
5.66903,4.75472,1.3575
5.65347,4.726,1.3575
5.65625,4.66638,1.3575
5.65262,4.68702,1.3575
5.67324,4.74632,1.3575
5.63686,4.71944,1.3575
5.65416,4.66979,1.3575
5.68563,4.68851,1.3575
5.70629,4.74798,1.3575
5.65749,4.71952,1.3575
5.65314,4.67101,1.3575
5.66604,4.70305,1.3575
5.68049,4.75015,1.3575
5.65715,4.71304,1.3575
5.6524,4.6702,1.3575
5.65987,4.68814,1.3575
5.684,4.73916,1.3575
5.64707,4.71158,1.3575
5.63167,4.6609,1.3575
5.65898,4.69183,1.3575
5.70146,4.75403,1.3575
5.64052,4.71943,1.3575
5.65598,4.67749,1.3575
5.68757,4.70227,1.3575
5.69739,4.74864,1.3575
5.68251,4.71275,1.3575
5.67157,4.66978,1.3575
5.68814,4.69849,1.3575
5.73148,4.75153,1.3575
5.7089,4.72058,1.3575
5.68921,4.67015,1.3575
5.67502,4.70021,1.3575
5.67812,4.75214,1.3575
5.63635,4.71955,1.3575
5.6475,4.67975,1.3575
5.67679,4.69295,1.3575
5.71052,4.74125,1.3575
5.67965,4.71242,1.3575
5.65456,4.66742,1.3575
5.66836,4.70147,1.3575
5.68703,4.74808,1.3575
5.64716,4.71932,1.3575
5.6448,4.66935,1.3575
5.675,4.68774,1.3575
5.70204,4.73783,1.3575
5.65129,4.70752,1.3575
5.64464,4.6659,1.3575
5.67563,4.6901,1.3575
5.69963,4.74366,1.3575
5.66815,4.71091,1.3575
5.66721,4.65679,1.3575
5.65806,4.68696,1.3575
5.68097,4.74171,1.3575
5.65368,4.71406,1.3575
5.65447,4.66561,1.3575
5.66913,4.68923,1.3575
5.69386,4.75541,1.3575
5.67023,4.72006,1.3575
5.6898,4.67261,1.3575
5.68823,4.70547,1.3575
5.6989,4.75621,1.3575
5.66722,4.72351,1.3575
5.65723,4.6818,1.3575
5.69752,4.7042,1.3575
5.71527,4.74103,1.3575
5.6642,4.70454,1.3575
5.662,4.66464,1.3575
5.68111,4.69158,1.3575
5.71175,4.7474,1.3575
5.66885,4.72068,1.3575
5.66803,4.67244,1.3575
5.68314,4.69858,1.3575
5.68907,4.75088,1.3575
5.64401,4.71594,1.3575
5.6658,4.66038,1.3575
5.67988,4.68755,1.3575
5.68785,4.74196,1.3575
5.65313,4.7018,1.3575
5.65208,4.65247,1.3575
5.66961,4.68667,1.3575
5.70447,4.7366,1.3575
5.68698,4.70975,1.3575
5.66053,4.67172,1.3575
5.66843,4.69714,1.3575
5.70125,4.75972,1.3575
5.6882,4.7242,1.3575
5.67817,4.65966,1.3575
5.66953,4.68391,1.3575
5.70387,4.75271,1.3575
5.67083,4.73022,1.3575
5.65788,4.67533,1.3575
5.6656,4.69546,1.3575
5.67741,4.74692,1.3575
5.64035,4.71302,1.3575
5.64992,4.67524,1.3575
5.67358,4.69977,1.3575
5.69673,4.7342,1.3575
5.68437,4.70971,1.3575
5.66759,4.67371,1.3575
5.67606,4.69686,1.3575
5.7107,4.74826,1.3575
5.68523,4.71605,1.3575
5.65951,4.66588,1.3575
5.66902,4.68737,1.3575
5.7201,4.75836,1.3575
5.67964,4.73036,1.3575
5.64631,4.66433,1.3575
5.66904,4.69503,1.3575
5.71328,4.75289,1.3575
5.67345,4.70385,1.3575
5.66951,4.66693,1.3575
5.71001,4.70396,1.3575
5.73376,4.75789,1.3575
5.67041,4.71555,1.3575
5.66336,4.65816,1.3575
5.69446,4.69096,1.3575
5.74521,4.75133,1.3575
5.71525,4.72334,1.3575
5.68611,4.67356,1.3575
5.67473,4.69749,1.3575
5.71422,4.74576,1.3575
5.70214,4.71265,1.3575
5.66822,4.67114,1.3575
5.67592,4.69691,1.3575
5.6963,4.74646,1.3575
5.66385,4.71223,1.3575
5.66444,4.66452,1.3575
5.67277,4.6937,1.3575
5.69185,4.74509,1.3575
5.66561,4.70692,1.3575
5.65181,4.65716,1.3575
5.66751,4.69119,1.3575
5.68831,4.74548,1.3575
5.64792,4.7081,1.3575
5.65918,4.65888,1.3575
5.68718,4.67931,1.3575
5.70874,4.74286,1.3575
5.65341,4.71245,1.3575
5.65785,4.65933,1.3575
5.68599,4.68296,1.3575
5.70465,4.73869,1.3575
5.62886,4.71014,1.3575
5.64244,4.66265,1.3575
5.67165,4.68286,1.3575
5.68655,4.73584,1.3575
5.66578,4.71094,1.3575
5.65168,4.66675,1.3575
5.66879,4.69448,1.3575
5.69589,4.74715,1.3575
5.64973,4.71579,1.3575
5.64482,4.66841,1.3575
5.66955,4.69384,1.3575
5.67746,4.76044,1.3575
5.63527,4.7223,1.3575
5.6653,4.67079,1.3575
5.66946,4.69878,1.3575
5.67795,4.74589,1.3575
5.64181,4.71389,1.3575
5.64642,4.65988,1.3575
5.66791,4.68957,1.3575
5.70139,4.75018,1.3575
5.67377,4.70931,1.3575
5.66393,4.65545,1.3575
5.67123,4.6908,1.3575
5.6932,4.74935,1.3575
5.64106,4.71315,1.3575
5.6503,4.66325,1.3575
5.67887,4.68581,1.3575
5.69553,4.74083,1.3575
5.64723,4.71761,1.3575
5.65864,4.67001,1.3575
5.67628,4.6932,1.3575
5.65555,4.73889,1.3575
5.60605,4.70984,1.3575
5.63973,4.67213,1.3575
5.66474,4.69757,1.3575
5.69158,4.7427,1.3575
